data 7.6, 99.6, 15.35
data 3.6, 99.6, 15.3
data 0.2, 99.6, 14.95
data 0.4, 99.6, 14.77
data 0.2, 79.1, 14.69
data 0.2, 82.7, 15.17
data 0.2, 91.1, 14.89
data 0.4, 89.8, 15.15
data 0.2, 90.4, 15.07
data 0.4, 88.6, 14.19
data 0.2, 90.7, 14.02
data 0.4, 92.5, 13.9
data 0.2, 93.3, 13.81
data 0.4, 95.6, 13.64
data 0.2, 78.1, 13.9
data 0.2, 87.9, 5.489
data 0.2, 66.77, 6.284
data 0.2, 70.2, 4.682
data 0.2, 48.13, 6.109
data 0.8, 53.41, 6.633
data 0.2, 52.95, 6.834
data 0.2, 54.95, 6.482
data 0.2, 54.82, 5.786
data 0.6, 55.74, 5.653
data 0.2, 57.32, 6.088
data 0.2, 57.19, 5.181
data 0.2, 57.32, 4.454
data 0.2, 57.72, 4.908
data 0.2, 61.47, 2.864
data 0.2, 60.95, 1.894
data 0.2, 86.0, 6.785
data 0.2, 94.1, 8.62
data 0.2, 97.2, 7.85
data 0.2, 99.3, 7.28
data 0.4, 99.3, 8.75
data 0.2, 99.4, 8.64
data 0.4, 99.4, 7.9
data 0.2, 99.5, 8.58
data 0.4, 99.5, 8.67
data 0.2, 99.5, 8.46
data 0.4, 99.5, 8.27
data 0.2, 99.5, 8.51
data 0.4, 88.4, 10.62
data 0.2, 89.9, 10.46
data 0.4, 90.7, 10.43
data 0.2, 95.2, 10.07
data 0.4, 93.2, 10.11
data 0.2, 93.6, 10.04
data 0.4, 93.9, 9.92
data 0.2, 95.8, 6.914
data 0.2, 95.7, 7.76
data 0.2, 96.6, 7.55
data 0.4, 97.9, 8.62
data 0.2, 98.3, 7.89
data 0.4, 98.9, 7.99
data 0.2, 99.1, 7.82
data 0.2, 98.8, 8.1
data 0.4, 99.1, 8.95
data 0.2, 95.7, 8.12
data 0.4, 96.5, 9.08
data 0.2, 97.6, 8.07
data 0.4, 98.3, 8.32
data 0.2, 99.1, 8.05
data 0.4, 99.1, 8.65
data 0.2, 99.2, 8.39
data 0.4, 99.2, 8.51
data 0.2, 99.2, 8.93
data 0.4, 99.3, 9.1
data 0.2, 99.3, 8.95
data 0.4, 99.3, 9.05
data 0.2, 99.3, 9.02
data 0.4, 99.4, 9.09
data 0.2, 99.4, 8.94
data 0.4, 99.4, 8.98
data 0.2, 99.4, 8.66
data 0.4, 99.4, 9.1
data 0.2, 99.4, 7.94
data 0.4, 99.4, 8.67
data 0.2, 99.4, 8.58
data 0.4, 99.4, 8.95
data 0.2, 99.4, 8.62
data 0.4, 99.4, 8.4
data 0.2, 99.4, 8.49
data 0.4, 99.5, 8.55
data 0.2, 99.4, 8.05
data 0.4, 99.4, 8.29
data 0.2, 99.4, 8.51
data 0.4, 99.4, 8.54
data 0.2, 99.4, 8.29
data 0.4, 99.4, 8.33
data 0.2, 99.5, 7.8
data 0.4, 99.5, 8.17
data 0.2, 99.4, 7.87
data 0.4, 99.5, 7.82
data 0.2, 99.5, 7.27
data 0.4, 99.5, 7.73
data 0.2, 99.5, 7.55
data 0.4, 99.6, 9.1
data 0.2, 99.5, 9.08
data 0.4, 99.5, 8.86
data 0.2, 99.5, 8.26
data 0.4, 99.5, 8.68
data 0.2, 99.5, 8.69
data 0.4, 99.5, 8.46
data 0.2, 99.5, 8.06
data 0.4, 99.5, 8.46
data 0.2, 99.5, 8.53
data 0.4, 99.5, 8.52
data 0.2, 99.5, 8.4
data 0.4, 99.5, 8.06
data 0.2, 99.5, 8.25
data 0.4, 99.5, 8.31
data 0.2, 99.5, 8.03
data 0.4, 99.5, 8.32
data 0.2, 99.5, 8.05
data 0.4, 99.5, 7.89
data 0.2, 99.5, 8.26
data 0.4, 99.5, 7.91
data 0.2, 99.5, 7.92
data 0.4, 99.5, 7.86
data 0.2, 99.5, 8.04
data 0.4, 99.5, 7.9
data 0.2, 99.5, 7.99
data 0.4, 99.5, 7.71
data 0.2, 99.5, 7.74
data 0.4, 99.5, 7.97
data 0.2, 99.5, 8.17
data 0.4, 99.5, 8.27
data 0.2, 99.5, 8.29
data 0.4, 99.5, 7.41
data 0.2, 99.5, 8.25
data 0.4, 99.5, 8.27
data 0.2, 99.5, 7.83
data 0.4, 99.5, 7.75
data 0.2, 99.5, 8.21
data 0.4, 99.5, 8.2
data 0.2, 99.5, 8.66
data 0.4, 99.5, 8.21
data 0.2, 99.5, 8.5
data 0.4, 99.5, 7.89
data 0.2, 99.5, 8.42
data 0.4, 99.5, 8.24
data 0.2, 99.4, 8.04
data 0.4, 99.2, 7.4
data 0.2, 99.1, 7.45
data 0.4, 99.3, 7.87
data 0.2, 99.4, 8.08
data 0.4, 99.3, 8.34
data 0.2, 99.3, 8.43
data 0.4, 99.3, 8.48
data 0.2, 99.3, 8.52
data 0.4, 99.3, 8.47
data 0.2, 99.4, 8.99
data 0.4, 99.4, 8.83
data 0.2, 99.4, 8.92
data 0.4, 99.5, 9.01
data 0.2, 99.5, 9.08
data 0.4, 99.5, 9.22
data 0.2, 99.5, 9.01
data 0.4, 99.5, 8.05
data 0.2, 99.5, 8.32
data 0.4, 99.5, 7.99
data 0.2, 99.5, 8.51
data 0.4, 99.5, 8.93
data 0.2, 99.5, 8.91
data 0.4, 99.5, 8.25
data 0.2, 99.5, 8.08
data 0.4, 99.5, 8.31
data 0.2, 99.5, 8.12
data 0.4, 99.5, 7.44
data 0.2, 99.5, 8.21
data 0.4, 99.5, 7.68
data 0.2, 99.5, 8.33
data 0.4, 99.5, 8.45
data 0.2, 99.6, 8.19
data 0.4, 99.6, 8.19
data 0.2, 99.6, 8.28
data 0.4, 99.6, 8.22
data 0.2, 99.6, 7.71
data 0.4, 99.6, 7.04
data 0.2, 99.6, 8.08
data 0.4, 99.6, 7.76
data 0.2, 99.7, 7.85
data 0.4, 91.6, 10.64
data 0.2, 92.9, 10.43
data 0.4, 93.9, 10.43
data 0.2, 94.8, 10.38
data 0.4, 95.4, 10.27
data 0.2, 96.4, 10.23
data 0.4, 97.3, 10.31
data 0.2, 97.4, 10.37
data 0.4, 97.5, 10.39
data 0.2, 97.7, 10.39
data 0.4, 98.3, 10.29
data 0.2, 98.4, 10.43
data 0.4, 98.5, 10.46
data 0.2, 98.7, 10.45
data 0.4, 98.8, 10.48
data 0.2, 99.0, 10.51
data 0.4, 99.1, 10.55
data 0.2, 99.2, 10.53
data 0.4, 94.5, 11.66
data 0.2, 94.5, 11.71
data 0.4, 94.6, 11.68
data 0.2, 94.9, 11.76
data 0.4, 95.1, 11.71
data 0.2, 95.7, 11.67
data 0.4, 95.9, 11.67
data 0.2, 96.3, 11.65
data 0.4, 96.6, 11.6
data 0.2, 96.9, 11.69
data 0.4, 96.8, 11.68
data 0.2, 97.0, 11.67
data 0.4, 97.2, 11.61
data 0.2, 97.5, 11.66
data 0.4, 97.4, 11.66
data 0.2, 97.3, 11.64
data 0.4, 97.1, 11.71
data 0.2, 90.9, 11.74
data 0.4, 87.2, 11.9
data 0.2, 90.7, 11.5
data 0.4, 89.1, 11.5
data 0.2, 92.0, 11.15
data 0.4, 91.6, 11.09
data 0.2, 91.4, 12.48
data 0.4, 92.2, 12.45
data 0.2, 92.8, 12.41
data 0.4, 92.9, 12.32
data 0.2, 93.3, 12.27
data 0.4, 93.5, 12.26
data 0.2, 93.6, 12.23
data 0.4, 93.8, 12.15
data 0.2, 94.6, 12.2
data 0.4, 94.7, 12.2
data 0.2, 94.8, 12.2
data 0.4, 94.9, 12.15
data 0.2, 95.2, 12.18
data 0.4, 95.3, 12.19
data 0.2, 99.5, 12.09
data 0.2, 99.5, 11.4
data 0.4, 99.5, 11.59
data 0.2, 99.5, 11.6
data 0.4, 99.5, 11.64
data 0.2, 99.5, 11.7
data 0.4, 99.5, 11.75
data 0.2, 97.8, 9.74
data 0.4, 98.0, 9.77
data 0.2, 97.9, 9.84
data 0.4, 97.9, 9.88
data 0.2, 81.9, 13.37
data 0.4, 92.9, 10.65
data 0.2, 84.6, 12.45
data 0.4, 86.3, 12.27
data 0.2, 87.7, 12.1
data 0.4, 89.2, 11.95
data 0.2, 90.2, 11.96
data 0.4, 90.9, 11.86
data 0.2, 92.5, 11.79
data 0.4, 93.3, 11.68
data 0.2, 96.2, 11.31
data 0.4, 99.2, 10.64
data 0.2, 99.5, 10.41
data 0.4, 99.5, 10.4
data 0.2, 99.5, 10.38
data 0.4, 99.5, 10.37
data 0.2, 99.6, 10.33
data 0.4, 99.6, 10.33
data 0.2, 99.6, 10.33
data 0.4, 99.8, 11.22
data 0.2, 99.8, 11.92
data 0.4, 99.8, 12.24
data 0.2, 99.8, 12.81
data 0.4, 99.8, 12.98
data 0.2, 99.8, 13.19
data 0.4, 99.8, 13.24
data 0.2, 99.8, 13.17
data 0.4, 99.8, 13.1
data 0.2, 99.8, 13.26
data 0.4, 99.8, 13.22
data 0.6, 99.8, 13.28
data 0.2, 99.8, 13.29
data 0.4, 99.8, 13.34
data 0.2, 99.8, 13.44
data 0.4, 99.8, 13.43
data 0.2, 99.8, 13.44
data 0.4, 99.8, 13.44
data 0.2, 99.8, 13.47
data 0.4, 99.8, 13.51
data 0.2, 99.8, 13.54
data 0.4, 99.8, 13.55
data 0.2, 99.8, 13.52
data 0.4, 99.8, 13.54
data 0.2, 99.8, 13.56
data 0.4, 99.8, 13.63
data 0.2, 99.8, 13.62
data 0.4, 99.8, 13.62
data 0.2, 99.8, 13.69
data 0.4, 99.8, 13.73
data 0.2, 99.9, 13.71
data 0.4, 99.8, 13.72
data 0.2, 99.8, 13.88
data 0.4, 99.8, 13.97
data 0.2, 99.7, 14.05
data 0.4, 80.9, 14.07
data 0.2, 88.0, 13.51
data 0.4, 90.2, 13.19
data 0.2, 89.5, 13.41
data 0.4, 89.3, 13.44
data 0.2, 85.9, 13.14
data 0.4, 86.8, 12.72
data 0.2, 94.3, 12.02
data 0.4, 94.0, 11.79
data 0.2, 94.5, 11.7
data 0.4, 95.1, 12.0
data 0.2, 86.9, 11.93
data 0.4, 97.0, 7.69
data 0.2, 99.2, 9.67
data 0.4, 92.7, 10.94
data 0.2, 93.8, 10.97
data 0.4, 95.1, 11.06
data 0.2, 95.4, 11.12
data 0.4, 95.4, 11.06
data 0.2, 95.9, 11.02
data 0.4, 96.2, 11.1
data 0.2, 96.2, 11.16
data 0.4, 92.2, 11.58
data 0.2, 92.7, 11.62
data 0.4, 80.4, 11.39
data 0.2, 81.7, 11.44
data 0.4, 83.3, 11.31
data 0.2, 85.8, 11.31
data 0.4, 86.9, 11.42
data 0.2, 87.8, 11.38
data 0.4, 87.6, 11.38
data 0.2, 80.4, 9.24
data 0.4, 82.4, 9.08
data 0.2, 85.1, 8.32
data 0.4, 85.7, 7.68
data 0.2, 87.4, 8.07
data 0.4, 88.7, 8.37
data 0.2, 90.9, 7.93
data 0.4, 92.2, 5.645
data 0.2, 87.5, 4.857
data 0.4, 83.2, 5.322
data 0.2, 84.1, 5.282
data 0.4, 82.2, 4.579
data 0.2, 81.6, 3.952
data 0.4, 76.1, 5.401
data 0.2, 78.2, 10.4
data 0.4, 75.7, 10.8
data 0.2, 78.5, 10.52
data 0.4, 80.3, 10.28
data 0.2, 80.4, 6.614
data 0.2, 80.0, 7.69
data 0.4, 80.6, 9.37
data 0.2, 82.1, 7.17
data 0.4, 76.7, 10.32
data 0.2, 79.4, 10.06
data 0.4, 80.0, 7.41
data 0.2, 82.1, 6.781
data 0.4, 83.5, 6.208
data 0.2, 83.5, 6.431
data 0.4, 84.4, 6.347
data 0.2, 83.3, 6.371
data 0.4, 83.5, 6.065
data 0.2, 82.0, 6.375
data 0.4, 82.6, 6.648
data 0.2, 84.3, 5.866
data 0.4, 82.7, 5.965
data 0.2, 84.4, 6.065
data 0.4, 85.5, 6.548
data 0.6, 88.0, 6.128
data 0.6, 88.4, 5.94
data 0.6, 88.6, 6.241
data 0.2, 88.5, 6.048
data 0.4, 87.8, 5.01
data 0.2, 90.7, 5.595
data 0.4, 90.5, 6.125
data 0.2, 90.7, 5.876
data 0.4, 83.9, 4.863
data 0.2, 85.8, 5.122
data 0.4, 86.8, 4.594
data 0.2, 88.5, 4.838
data 0.4, 89.3, 4.877
data 0.2, 89.6, 4.774
data 0.4, 87.7, 4.775
data 0.2, 88.1, 4.167
data 0.4, 88.2, 4.446
data 0.2, 89.1, 4.566
data 0.4, 89.2, 4.135
data 0.2, 88.2, 3.237
data 0.2, 78.0, 11.09
data 0.2, 81.3, 10.92
data 0.4, 84.2, 10.79
data 0.2, 87.4, 10.7
data 0.4, 86.0, 10.56
data 0.6, 86.8, 10.14
data 0.2, 88.0, 7.02
data 0.4, 88.6, 7.11
data 0.2, 89.8, 6.574
data 0.2, 75.0, 5.402
data 0.2, 73.1, 4.74
data 0.2, 74.4, 4.793
data 0.4, 76.0, 5.006
data 0.2, 77.2, 3.77
data 0.4, 77.0, 3.413
data 0.2, 80.3, 4.111
data 0.4, 82.7, 3.886
data 0.2, 83.6, 4.036
data 0.4, 85.0, 3.633
data 0.2, 86.6, 3.077
data 0.4, 86.9, 4.624
data 0.2, 87.3, 4.535
data 0.4, 87.9, 3.572
data 0.2, 89.0, 3.359
data 0.4, 85.9, 2.952
data 0.2, 87.2, 3.044
data 0.4, 87.5, 3.394
data 0.2, 88.0, 2.181
data 0.4, 88.3, 2.872
data 0.2, 88.8, 2.374
data 0.4, 88.7, 1.791
data 0.2, 87.9, 2.277
data 0.4, 87.0, 2.272
data 0.2, 87.2, 2.465
data 0.4, 88.1, 2.259
data 0.6, 74.3, 2.121
data 0.2, 83.0, 2.905
data 0.4, 84.0, 3.202
data 0.2, 85.0, 3.687
data 0.4, 85.9, 2.453
data 0.2, 88.2, 2.849
data 0.4, 88.7, 3.747
data 0.2, 89.7, 2.86
data 0.4, 90.3, 2.448
data 0.2, 91.0, 2.62
data 0.4, 91.4, 2.841
data 0.2, 91.9, 3.467
data 0.4, 92.4, 3.583
data 0.2, 93.5, 3.159
data 0.4, 89.6, 5.88
data 0.2, 90.2, 5.758
data 0.4, 90.5, 6.479
data 0.2, 91.6, 5.712
data 0.4, 91.9, 5.871
data 0.2, 92.4, 5.488
data 0.4, 92.1, 5.618
data 0.2, 85.5, 5.752
data 0.4, 92.2, 0.262
data 0.2, 91.0, 0.299
data 0.2, 88.9, 0.183
data 0.4, 89.5, 0.775
data 0.2, 89.4, 0.528
data 0.2, 88.9, 0.157
data 0.2, 89.1, 0.824
data 0.4, 88.7, 0.497
data 0.2, 87.9, 0.073
data 0.2, 88.4, -0.183
data 0.2, 87.6, 0.885
data 0.4, 88.3, 1.008
data 0.2, 79.1, 1.204
data 0.2, 72.9, 1.951
data 0.2, 73.2, 1.669
data 0.2, 75.6, 1.708
data 0.4, 73.7, 1.355
data 0.2, 73.4, 1.103
data 0.2, 73.7, 1.09
data 0.4, 59.1, 3.596
data 0.2, 57.91, 4.741
data 0.2, 56.86, 3.75
data 0.4, 60.66, 4.048
